0 0 0 0 0 0 0 0 0 4 0 0 0 0 0 0 
0 0 4 0 0 0 0 0 4 0 0 0 0 0 0 0 
0 0 0 4 0 0 0 0 0 0 0 4 0 2 0 0 
0 0 0 4 0 2 0 0 0 0 0 4 0 2 0 0 
0 2 0 4 0 2 0 0 0 0 0 4 0 2 0 0 
0 2 0 4 0 2 0 0 0 0 0 4 0 2 0 0 2,2var1 
0 2 0 4 0 2 0 0 0 0 0 4 0 2 0 0 1,2var2 2,2var1 
0 4 4 8 0 2 0 0 0 0 0 0 0 0 0 0 1,2var2,var1 
0 0 4 0 0 0 0 0 0 4 0 0 0 2 4 8 3,2var2,var1 
4 0 0 2 0 0 0 0 4 0 0 0 2 4 8 0 3,1var2,var1 
-1
4 0 0 2 0 0 0 0 4 0 0 0 2 4 8 7 3,1var2,var1 
4 0 0 2 0 0 0 0 4 0 7 0 2 4 8 7 3,1var2,var1 
4 0 0 2 0 7 0 0 4 0 7 0 2 4 8 7 3,1var2,var1 
7 0 0 2 0 7 0 0 4 0 7 0 2 4 8 7 3,1var2,var1 
